procs -----------memory---------- ---swap-- -----io---- -system-- ------cpu-----
 r  b   swpd   free   buff  cache   si   so    bi    bo   in   cs us sy id wa st
32  0      0 11391200 125524 2888136    0    0    13    25  100  151  5  2 93  0  0
29  0      0 11400968 125524 2888568    0    0     0  1732 12497 16290 64 36  0  0  0
27  0      0 11424096 125524 2889040    0    0     0  1676 12525 16520 68 32  0  0  0
34  0      0 11412304 125524 2889076    0    0     0  1656 12912 16010 67 33  0  0  0
32  0      0 11398248 125536 2889708    0    0     0  2144 13957 16466 69 31  0  0  0
28  0      0 11385124 125536 2893288    0    0    12  3120 7976 14742 68 32  0  0  0
30  0      0 11398408 125536 2893260    0    0     0  3720 8479 16599 68 32  0  0  0
27  0      0 11384796 125536 2893360    0    0     0  2032 8807 16164 68 32  0  0  0
30  0      0 11385636 125536 2893412    0    0     0  1688 8758 16264 68 32  0  0  0
29  0      0 11392232 125548 2893604    0    0     0  2176 8862 16650 68 32  0  0  0
31  0      0 11413860 125548 2893404    0    0     0  3540 8844 17231 67 33  0  0  0
30  0      0 11426268 125548 2893852    0    0     0  1644 8212 15027 67 33  0  0  0
29  0      0 11440268 125548 2893772    0    0     0  1708 8222 15337 68 32  0  0  0
30  0      0 11473140 125548 2893940    0    0     4  1696 8936 17210 68 31  0  0  0
29  0      0 11514384 125560 2893844    0    0     4  2132 9014 16558 68 32  0  0  0
30  0      0 11568720 125560 2893528    0    0     0  1716 8936 16773 68 32  0  0  0
