procs -----------memory---------- ---swap-- -----io---- -system-- ------cpu-----
 r  b   swpd   free   buff  cache   si   so    bi    bo   in   cs us sy id wa st
32  0      0 12093932  91252 1989712    0    0    99    57  208  261 11  6 83  0  0
44  0      0 12038744  91268 1996076    0    0     0  2396 7765 13434 66 34  0  0  0
31  0      0 12053592  91852 1996048    0    0   560  2572 8003 13526 66 34  0  0  0
39  0      0 12048188  91852 1996616    0    0     0  1816 7940 14130 66 33  0  0  0
29  0      0 12053464  91852 1997136    0    0     0  1816 7827 13652 67 33  0  0  0
38  0      0 12044044  91852 2001752    0    0     0  1772 7583 14256 67 33  0  0  0
40  0      0 12028080  91852 2001500    0    0     0  1732 7985 13767 67 33  0  0  0
28  0      0 12041504  91860 2001976    0    0     0  2376 7836 13603 67 33  0  0  0
33  0      0 12031544  91860 2001748    0    0     0  1756 7315 13099 67 33  0  0  0
35  0      0 12033812  91868 2001744    0    0     0  2184 8072 13792 68 32  0  0  0
29  0      0 12028664  91868 2001816    0    0     0  1724 8216 15180 68 31  0  0  0
30  0      0 12040080  91868 2002324    0    0     0  1732 8195 14352 68 32  0  0  0
39  0      0 12066664  91868 2001952    0    0     0  2272 8212 14381 66 34  0  0  0
36  0      0 12102976  91868 2001996    0    0     0  1756 7675 13664 66 34  0  0  0
39  0      0 12121276  91876 2001956    0    0     0  2508 7847 13568 67 33  0  0  0
27  0      0 12183708  91876 2001580    0    0     0  1728 7978 14522 67 33  0  0  0
41  0      0 12188932  91876 2002044    0    0     0  1776 8081 13871 67 33  0  0  0
35  0      0 12204476  91876 2001872    0    0     0  1724 7668 13079 68 32  0  0  0
